0	-5
0.01	-4.921578878
0.02	-4.846820841
0.03	-4.775582199
0.04	-4.707724836
0.05	-4.643115993
0.06	-4.581628061
0.07	-4.523138371
0.08	-4.467529008
0.09	-4.414686623
0.1	-4.364502249
0.11	-4.316871137
0.12	-4.271692585
0.13	-4.228869779
0.14	-4.188309647
0.15	-4.149922705
0.16	-4.11362292
0.17	-4.079327576
0.18	-4.046957138
0.19	-4.016435137
0.2	-3.98768804
0.21	-3.960645141
0.22	-3.935238451
0.23	-3.911402586
0.24	-3.889074669
0.25	-3.868194233
0.26	-3.848703122
0.27	-3.830545405
0.28	-3.813667288
0.29	-3.798017027
0.3	-3.783544853
0.31	-3.770202889
0.32	-3.757945082
0.33	-3.746727127
0.34	-3.736506401
0.35	-3.727241896
0.36	-3.718894156
0.37	-3.711425219
0.38	-3.704798553
0.39	-3.698979006
0.4	-3.693932748
0.41	-3.689627224
0.42	-3.686031096
0.43	-3.683114206
0.44	-3.680847522
0.45	-3.679203097
0.46	-3.678154026
0.47	-3.677674408
0.48	-3.677739302
0.49	-3.678324695
0.5	-3.679407461
0.51	-3.680965329
0.52	-3.682976852
0.53	-3.68542137
0.54	-3.688278983
0.55	-3.691530519
0.56	-3.695157508
0.57	-3.699142156
0.58	-3.703467312
0.59	-3.708116454
0.6	-3.713073652
0.61	-3.718323556
0.62	-3.723851368
0.63	-3.729642822
0.64	-3.735684162
0.65	-3.741962126
0.66	-3.748463922
0.67	-3.755177216
0.68	-3.762090107
0.69	-3.769191117
0.7	-3.776469172
0.71	-3.783913585
0.72	-3.791514045
0.73	-3.7992606
0.74	-3.807143642
0.75	-3.815153898
0.76	-3.823282414
0.77	-3.831520543
0.78	-3.839859936
0.79	-3.848292527
0.8	-3.856810527
0.81	-3.865406408
0.82	-3.874072896
0.83	-3.882802965
0.84	-3.89158982
0.85	-3.900426895
0.86	-3.90930784
0.87	-3.918226518
0.88	-3.92717699
0.89	-3.936153516
0.9	-3.94515054
0.91	-3.954162689
0.92	-3.963184761
0.93	-3.972211725
0.94	-3.981238709
0.95	-3.990260998
0.96	-3.999274026
0.97	-4.008273373
0.98	-4.017254755
0.99	-4.026214027
1	-4.035147171
1.01	-4.044050294
1.02	-4.052919624
1.03	-4.061751505
1.04	-4.070542394
1.05	-4.079288857
1.06	-4.087987562
1.07	-4.096635281
1.08	-4.105228882
1.09	-4.113765328
1.1	-4.122241673
1.11	-4.130655058
1.12	-4.139002711
1.13	-4.147281941
1.14	-4.155490136
1.15	-4.163624763
1.16	-4.171683363
1.17	-4.179663547
1.18	-4.187562999
1.19	-4.195379468
1.2	-4.20311077
1.21	-4.210754785
1.22	-4.218309453
1.23	-4.225772775
1.24	-4.233142809
1.25	-4.240417669
1.26	-4.247595526
1.27	-4.2546746
1.28	-4.261653165
1.29	-4.268529546
1.3	-4.275302114
1.31	-4.281969288
1.32	-4.288529534
1.33	-4.294981362
1.34	-4.301323325
1.35	-4.30755402
1.36	-4.313672083
1.37	-4.319676194
1.38	-4.325565067
1.39	-4.331337459
1.4	-4.336992161
1.41	-4.342528004
1.42	-4.34794385
1.43	-4.353238601
1.44	-4.358411189
1.45	-4.363460582
1.46	-4.368385777
1.47	-4.373185807
1.48	-4.377859734
1.49	-4.382406651
1.5	-4.38682568
1.51	-4.391115974
1.52	-4.395276714
1.53	-4.399307109
1.54	-4.403206396
1.55	-4.406973839
1.56	-4.410608728
1.57	-4.414110383
1.58	-4.417478144
1.59	-4.420711381
1.6	-4.423809488
1.61	-4.426771881
1.62	-4.429598005
1.63	-4.432287324
1.64	-4.43483933
1.65	-4.437253533
1.66	-4.439529471
1.67	-4.441666702
1.68	-4.443664807
1.69	-4.445523387
1.7	-4.447242068
1.71	-4.448820495
1.72	-4.450258335
1.73	-4.451555276
1.74	-4.452711026
1.75	-4.453725315
1.76	-4.454597891
1.77	-4.455328524
1.78	-4.455917004
1.79	-4.456363138
1.8	-4.456666755
1.81	-4.456827702
1.82	-4.456845846
1.83	-4.456721072
1.84	-4.456453284
1.85	-4.456042405
1.86	-4.455488375
1.87	-4.454791155
1.88	-4.45395072
1.89	-4.452967067
1.9	-4.451840209
1.91	-4.450570176
1.92	-4.449157016
1.93	-4.447600796
1.94	-4.445901598
1.95	-4.444059522
1.96	-4.442074685
1.97	-4.439947222
1.98	-4.437677283
1.99	-4.435265035
2	-4.432710664
2.01	-4.430014368
2.02	-4.427176366
2.03	-4.424196889
2.04	-4.421076188
2.05	-4.417814528
2.06	-4.414412189
2.07	-4.41086947
2.08	-4.407186681
2.09	-4.403364153
2.1	-4.399402229
2.11	-4.395301268
2.12	-4.391061644
2.13	-4.386683749
2.14	-4.382167987
2.15	-4.377514778
2.16	-4.372724557
2.17	-4.367797775
2.18	-4.362734896
2.19	-4.3575364
2.2	-4.352202781
2.21	-4.346734548
2.22	-4.341132224
2.23	-4.335396345
2.24	-4.329527465
2.25	-4.323526148
2.26	-4.317392975
2.27	-4.31112854
2.28	-4.30473345
2.29	-4.298208327
2.3	-4.291553806
2.31	-4.284770537
2.32	-4.27785918
2.33	-4.270820414
2.34	-4.263654925
2.35	-4.256363418
2.36	-4.248946608
2.37	-4.241405223
2.38	-4.233740004
2.39	-4.225951708
2.4	-4.2180411
2.41	-4.21000896
2.42	-4.201856082
2.43	-4.19358327
2.44	-4.185191342
2.45	-4.176681127
2.46	-4.168053467
2.47	-4.159309217
2.48	-4.150449243
2.49	-4.141474422
2.5	-4.132385644
2.51	-4.12318381
2.52	-4.113869834
2.53	-4.10444464
2.54	-4.094909164
2.55	-4.085264354
2.56	-4.075511167
2.57	-4.065650573
2.58	-4.055683552
2.59	-4.045611097
2.6	-4.035434208
2.61	-4.025153899
2.62	-4.014771193
2.63	-4.004287123
2.64	-3.993702733
2.65	-3.983019078
2.66	-3.972237222
2.67	-3.96135824
2.68	-3.950383214
2.69	-3.939313239
2.7	-3.92814942
2.71	-3.916892868
2.72	-3.905544706
2.73	-3.894106065
2.74	-3.882578088
2.75	-3.870961923
2.76	-3.85925873
2.77	-3.847469676
2.78	-3.835595938
2.79	-3.8236387
2.8	-3.811599156
2.81	-3.799478508
2.82	-3.787277965
2.83	-3.774998746
2.84	-3.762642076
2.85	-3.75020919
2.86	-3.737701328
2.87	-3.72511974
2.88	-3.712465681
2.89	-3.699740417
2.9	-3.686945218
2.91	-3.674081361
2.92	-3.661150132
2.93	-3.648152823
2.94	-3.635090731
2.95	-3.621965162
2.96	-3.608777428
2.97	-3.595528845
2.98	-3.582220737
2.99	-3.568854435
3	-3.555431273
3.01	-3.541952593
3.02	-3.528419742
3.03	-3.514834073
3.04	-3.501196942
3.05	-3.487509713
3.06	-3.473773754
3.07	-3.459990437
3.08	-3.44616114
3.09	-3.432287245
3.1	-3.418370139
3.11	-3.404411213
3.12	-3.390411862
3.13	-3.376373485
3.14	-3.362297486
3.15	-3.348185272
3.16	-3.334038252
3.17	-3.319857843
3.18	-3.30564546
3.19	-3.291402525
3.2	-3.277130462
3.21	-3.262830697
3.22	-3.248504659
3.23	-3.234153782
3.24	-3.219779499
3.25	-3.205383248
3.26	-3.190966468
3.27	-3.1765306
3.28	-3.162077087
3.29	-3.147607375
3.3	-3.13312291
3.31	-3.118625141
3.32	-3.104115516
3.33	-3.089595486
3.34	-3.075066504
3.35	-3.060530021
3.36	-3.045987491
3.37	-3.031440369
3.38	-3.016890108
3.39	-3.002338163
3.4	-2.98778599
3.41	-2.973235044
3.42	-2.958686778
3.43	-2.944142649
3.44	-2.929604109
3.45	-2.915072613
3.46	-2.900549614
3.47	-2.886036564
3.48	-2.871534914
3.49	-2.857046114
3.5	-2.842571613
3.51	-2.828112858
3.52	-2.813671294
3.53	-2.799248366
3.54	-2.784845517
3.55	-2.770464185
3.56	-2.756105809
3.57	-2.741771826
3.58	-2.727463667
3.59	-2.713182764
3.6	-2.698930545
3.61	-2.684708436
3.62	-2.670517857
3.63	-2.656360228
3.64	-2.642236964
3.65	-2.628149479
3.66	-2.61409918
3.67	-2.600087473
3.68	-2.586115758
3.69	-2.572185433
3.7	-2.558297891
3.71	-2.54445452
3.72	-2.530656705
3.73	-2.516905825
3.74	-2.503203255
3.75	-2.489550366
3.76	-2.475948523
3.77	-2.462399085
3.78	-2.448903408
3.79	-2.435462842
3.8	-2.42207873
3.81	-2.40875241
3.82	-2.395485216
3.83	-2.382278474
3.84	-2.369133504
3.85	-2.356051621
3.86	-2.343034134
3.87	-2.330082343
3.88	-2.317197544
3.89	-2.304381025
3.9	-2.291634069
3.91	-2.278957949
3.92	-2.266353933
3.93	-2.253823283
3.94	-2.241367249
3.95	-2.228987079
3.96	-2.21668401
3.97	-2.204459273
3.98	-2.192314089
3.99	-2.180249674
4	-2.168267234
4.01	-2.156367967
4.02	-2.144553063
4.03	-2.132823703
4.04	-2.12118106
4.05	-2.109626299
4.06	-2.098160575
4.07	-2.086785035
4.08	-2.075500815
4.09	-2.064309045
4.1	-2.053210844
4.11	-2.042207321
4.12	-2.031299577
4.13	-2.020488702
4.14	-2.009775778
4.15	-1.999161876
4.16	-1.988648057
4.17	-1.978235373
4.18	-1.967924864
4.19	-1.957717563
4.2	-1.947614489
4.21	-1.937616653
4.22	-1.927725054
4.23	-1.917940682
4.24	-1.908264516
4.25	-1.898697522
4.26	-1.889240658
4.27	-1.879894869
4.28	-1.87066109
4.29	-1.861540243
4.3	-1.852533242
4.31	-1.843640987
4.32	-1.834864367
4.33	-1.82620426
4.34	-1.817661531
4.35	-1.809237035
4.36	-1.800931615
4.37	-1.792746101
4.38	-1.784681311
4.39	-1.776738052
4.4	-1.768917118
4.41	-1.761219292
4.42	-1.753645343
4.43	-1.746196028
4.44	-1.738872093
4.45	-1.731674269
4.46	-1.724603278
4.47	-1.717659825
4.48	-1.710844604
4.49	-1.704158299
4.5	-1.697601576
4.51	-1.691175093
4.52	-1.684879491
4.53	-1.6787154
4.54	-1.672683436
4.55	-1.666784203
4.56	-1.66101829
4.57	-1.655386275
4.58	-1.649888719
4.59	-1.644526174
4.6	-1.639299175
4.61	-1.634208246
4.62	-1.629253894
4.63	-1.624436615
4.64	-1.619756892
4.65	-1.615215193
4.66	-1.61081197
4.67	-1.606547665
4.68	-1.602422705
4.69	-1.5984375
4.7	-1.594592451
4.71	-1.590887942
4.72	-1.587324343
4.73	-1.58390201
4.74	-1.580621285
4.75	-1.577482498
4.76	-1.574485961
4.77	-1.571631974
4.78	-1.568920823
4.79	-1.566352779
4.8	-1.563928098
4.81	-1.561647023
4.82	-1.559509782
4.83	-1.557516589
4.84	-1.555667644
4.85	-1.55396313
4.86	-1.552403219
4.87	-1.550988066
4.88	-1.549717814
4.89	-1.548592588
4.9	-1.547612502
4.91	-1.546777653
4.92	-1.546088126
4.93	-1.545543988
4.94	-1.545145295
4.95	-1.544892086
4.96	-1.544784387
4.97	-1.544822208
4.98	-1.545005546
4.99	-1.545334382
5	-1.545808683
5.01	-1.546428402
5.02	-1.547193477
5.03	-1.548103832
5.04	-1.549159375
5.05	-1.550360001
5.06	-1.551705589
5.07	-1.553196006
5.08	-1.554831102
5.09	-1.556610714
5.1	-1.558534664
5.11	-1.560602759
5.12	-1.562814792
5.13	-1.565170543
5.14	-1.567669775
5.15	-1.57031224
5.16	-1.573097672
5.17	-1.576025792
5.18	-1.57909631
5.19	-1.582308916
5.2	-1.58566329
5.21	-1.589159097
5.22	-1.592795987
5.23	-1.596573596
5.24	-1.600491546
5.25	-1.604549446
5.26	-1.60874689
5.27	-1.613083459
5.28	-1.617558717
5.29	-1.622172219
5.3	-1.626923502
5.31	-1.631812092
5.32	-1.636837499
5.33	-1.641999222
5.34	-1.647296743
5.35	-1.652729534
5.36	-1.658297051
5.37	-1.663998737
5.38	-1.669834021
5.39	-1.675802322
5.4	-1.681903041
5.41	-1.688135568
5.42	-1.694499281
5.43	-1.700993543
5.44	-1.707617705
5.45	-1.714371103
5.46	-1.721253064
5.47	-1.728262898
5.48	-1.735399905
5.49	-1.74266337
5.5	-1.750052569
5.51	-1.757566761
5.52	-1.765205195
5.53	-1.772967108
5.54	-1.780851723
5.55	-1.788858252
5.56	-1.796985894
5.57	-1.805233836
5.58	-1.813601254
5.59	-1.822087311
5.6	-1.830691158
5.61	-1.839411935
5.62	-1.84824877
5.63	-1.857200779
5.64	-1.866267067
5.65	-1.875446728
5.66	-1.884738843
5.67	-1.894142483
5.68	-1.903656708
5.69	-1.913280566
5.7	-1.923013095
5.71	-1.932853322
5.72	-1.942800263
5.73	-1.952852923
5.74	-1.963010297
5.75	-1.973271369
5.76	-1.983635113
5.77	-1.994100492
5.78	-2.004666461
5.79	-2.015331962
5.8	-2.026095929
5.81	-2.036957286
5.82	-2.047914946
5.83	-2.058967814
5.84	-2.070114785
5.85	-2.081354743
5.86	-2.092686565
5.87	-2.104109117
5.88	-2.115621258
5.89	-2.127221836
5.9	-2.138909691
5.91	-2.150683655
5.92	-2.162542549
5.93	-2.174485188
5.94	-2.186510378
5.95	-2.198616917
5.96	-2.210803593
5.97	-2.223069188
5.98	-2.235412475
5.99	-2.247832221
6	-2.260327183
6.01	-2.272896111
6.02	-2.285537749
6.03	-2.298250833
6.04	-2.311034091
6.05	-2.323886246
6.06	-2.336806011
6.07	-2.349792094
6.08	-2.362843198
6.09	-2.375958018
6.1	-2.389135241
6.11	-2.402373549
6.12	-2.415671621
6.13	-2.429028124
6.14	-2.442441724
6.15	-2.455911079
6.16	-2.469434843
6.17	-2.483011663
6.18	-2.496640182
6.19	-2.510319036
6.2	-2.524046857
6.21	-2.537822274
6.22	-2.551643908
6.23	-2.565510377
6.24	-2.579420295
6.25	-2.59337227
6.26	-2.607364908
6.27	-2.621396809
6.28	-2.63546657
6.29	-2.649572784
6.3	-2.66371404
6.31	-2.677888925
6.32	-2.692096021
6.33	-2.706333906
6.34	-2.720601159
6.35	-2.73489635
6.36	-2.749218052
6.37	-2.763564832
6.38	-2.777935255
6.39	-2.792327885
6.4	-2.806741282
6.41	-2.821174004
6.42	-2.835624609
6.43	-2.850091651
6.44	-2.864573684
6.45	-2.879069259
6.46	-2.893576927
6.47	-2.908095238
6.48	-2.922622739
6.49	-2.937157977
6.5	-2.9516995
6.51	-2.966245853
6.52	-2.980795581
6.53	-2.99534723
6.54	-3.009899343
6.55	-3.024450467
6.56	-3.038999146
6.57	-3.053543925
6.58	-3.06808335
6.59	-3.082615966
6.6	-3.097140321
6.61	-3.111654962
6.62	-3.126158438
6.63	-3.140649297
6.64	-3.155126092
6.65	-3.169587375
6.66	-3.184031699
6.67	-3.19845762
6.68	-3.212863695
6.69	-3.227248484
6.7	-3.241610548
6.71	-3.255948452
6.72	-3.270260761
6.73	-3.284546044
6.74	-3.298802873
6.75	-3.313029821
6.76	-3.327225467
6.77	-3.341388391
6.78	-3.355517176
6.79	-3.36961041
6.8	-3.383666683
6.81	-3.397684589
6.82	-3.411662728
6.83	-3.4255997
6.84	-3.439494113
6.85	-3.453344577
6.86	-3.467149707
6.87	-3.480908122
6.88	-3.494618447
6.89	-3.508279311
6.9	-3.521889346
6.91	-3.535447194
6.92	-3.548951497
6.93	-3.562400905
6.94	-3.575794074
6.95	-3.589129664
6.96	-3.602406341
6.97	-3.615622779
6.98	-3.628777654
6.99	-3.641869652
7	-3.654897464
7.01	-3.667859787
7.02	-3.680755324
7.03	-3.693582786
7.04	-3.706340891
7.05	-3.719028362
7.06	-3.731643931
7.07	-3.744186336
7.08	-3.756654323
7.09	-3.769046645
7.1	-3.781362063
7.11	-3.793599346
7.12	-3.805757269
7.13	-3.817834618
7.14	-3.829830183
7.15	-3.841742766
7.16	-3.853571176
7.17	-3.865314229
7.18	-3.876970752
7.19	-3.888539578
7.2	-3.900019551
7.21	-3.911409522
7.22	-3.922708354
7.23	-3.933914915
7.24	-3.945028086
7.25	-3.956046755
7.26	-3.96696982
7.27	-3.977796189
7.28	-3.988524778
7.29	-3.999154517
7.3	-4.00968434
7.31	-4.020113196
7.32	-4.030440042
7.33	-4.040663844
7.34	-4.050783581
7.35	-4.060798241
7.36	-4.070706821
7.37	-4.080508332
7.38	-4.090201793
7.39	-4.099786234
7.4	-4.109260698
7.41	-4.118624236
7.42	-4.127875914
7.43	-4.137014804
7.44	-4.146039994
7.45	-4.154950581
7.46	-4.163745674
7.47	-4.172424393
7.48	-4.180985871
7.49	-4.189429251
7.5	-4.197753689
7.51	-4.205958353
7.52	-4.214042422
7.53	-4.222005088
7.54	-4.229845554
7.55	-4.237563037
7.56	-4.245156764
7.57	-4.252625977
7.58	-4.259969928
7.59	-4.267187884
7.6	-4.274279121
7.61	-4.281242932
7.62	-4.28807862
7.63	-4.2947855
7.64	-4.301362904
7.65	-4.307810172
7.66	-4.31412666
7.67	-4.320311736
7.68	-4.326364783
7.69	-4.332285194
7.7	-4.338072378
7.71	-4.343725755
7.72	-4.349244762
7.73	-4.354628844
7.74	-4.359877465
7.75	-4.3649901
7.76	-4.369966236
7.77	-4.374805377
7.78	-4.379507039
7.79	-4.384070751
7.8	-4.388496057
7.81	-4.392782515
7.82	-4.396929696
7.83	-4.400937185
7.84	-4.404804581
7.85	-4.408531498
7.86	-4.412117563
7.87	-4.415562418
7.88	-4.418865717
7.89	-4.422027131
7.9	-4.425046344
7.91	-4.427923053
7.92	-4.43065697
7.93	-4.433247824
7.94	-4.435695354
7.95	-4.437999315
7.96	-4.440159478
7.97	-4.442175626
7.98	-4.444047558
7.99	-4.445775086
8	-4.447358038
8.01	-4.448796255
8.02	-4.450089593
8.03	-4.451237925
8.04	-4.452241133
8.05	-4.453099119
8.06	-4.453811795
8.07	-4.454379092
8.08	-4.454800952
8.09	-4.455077334
8.1	-4.455208208
8.11	-4.455193564
8.12	-4.455033401
8.13	-4.454727736
8.14	-4.454276599
8.15	-4.453680036
8.16	-4.452938106
8.17	-4.452050883
8.18	-4.451018457
8.19	-4.44984093
8.2	-4.44851842
8.21	-4.447051059
8.22	-4.445438995
8.23	-4.443682388
8.24	-4.441781414
8.25	-4.439736263
8.26	-4.437547139
8.27	-4.435214262
8.28	-4.432737865
8.29	-4.430118195
8.3	-4.427355514
8.31	-4.424450099
8.32	-4.421402241
8.33	-4.418212243
8.34	-4.414880425
8.35	-4.411407121
8.36	-4.407792676
8.37	-4.404037454
8.38	-4.400141829
8.39	-4.396106191
8.4	-4.391930944
8.41	-4.387616505
8.42	-4.383163305
8.43	-4.37857179
8.44	-4.373842419
8.45	-4.368975665
8.46	-4.363972015
8.47	-4.358831968
8.48	-4.35355604
8.49	-4.348144756
8.5	-4.34259866
8.51	-4.336918305
8.52	-4.331104259
8.53	-4.325157104
8.54	-4.319077434
8.55	-4.312865857
8.56	-4.306522996
8.57	-4.300049482
8.58	-4.293445965
8.59	-4.286713105
8.6	-4.279851574
8.61	-4.272862059
8.62	-4.265745259
8.63	-4.258501886
8.64	-4.251132663
8.65	-4.243638328
8.66	-4.23601963
8.67	-4.228277332
8.68	-4.220412207
8.69	-4.212425041
8.7	-4.204316634
8.71	-4.196087796
8.72	-4.187739351
8.73	-4.179272133
8.74	-4.170686988
8.75	-4.161984776
8.76	-4.153166366
8.77	-4.14423264
8.78	-4.135184492
8.79	-4.126022827
8.8	-4.11674856
8.81	-4.10736262
8.82	-4.097865944
8.83	-4.088259482
8.84	-4.078544196
8.85	-4.068721055
8.86	-4.058791044
8.87	-4.048755154
8.88	-4.03861439
8.89	-4.028369765
8.9	-4.018022304
8.91	-4.007573042
8.92	-3.997023023
8.93	-3.986373303
8.94	-3.975624946
8.95	-3.964779028
8.96	-3.953836632
8.97	-3.942798854
8.98	-3.931666796
8.99	-3.920441573
9	-3.909124306
9.01	-3.897716127
9.02	-3.886218178
9.03	-3.874631608
9.04	-3.862957575
9.05	-3.851197247
9.06	-3.8393518
9.07	-3.827422418
9.08	-3.815410295
9.09	-3.803316632
9.1	-3.791142638
9.11	-3.77888953
9.12	-3.766558534
9.13	-3.754150882
9.14	-3.741667816
9.15	-3.729110584
9.16	-3.716480442
9.17	-3.703778652
9.18	-3.691006485
9.19	-3.678165217
9.2	-3.665256134
9.21	-3.652280526
9.22	-3.63923969
9.23	-3.626134931
9.24	-3.612967558
9.25	-3.59973889
9.26	-3.586450248
9.27	-3.573102962
9.28	-3.559698365
9.29	-3.5462378
9.3	-3.532722611
9.31	-3.51915415
9.32	-3.505533775
9.33	-3.491862846
9.34	-3.478142731
9.35	-3.464374803
9.36	-3.450560437
9.37	-3.436701016
9.38	-3.422797925
9.39	-3.408852555
9.4	-3.3948663
9.41	-3.380840558
9.42	-3.366776733
9.43	-3.35267623
9.44	-3.33854046
9.45	-3.324370836
9.46	-3.310168776
9.47	-3.295935698
9.48	-3.281673028
9.49	-3.26738219
9.5	-3.253064615
9.51	-3.238721733
9.52	-3.224354979
9.53	-3.20996579
9.54	-3.195555604
9.55	-3.181125863
9.56	-3.16667801
9.57	-3.152213489
9.58	-3.137733747
9.59	-3.123240231
9.6	-3.108734392
9.61	-3.094217679
9.62	-3.079691545
9.63	-3.065157441
9.64	-3.050616822
9.65	-3.036071141
9.66	-3.021521853
9.67	-3.006970413
9.68	-2.992418276
9.69	-2.977866897
9.7	-2.963317731
9.71	-2.948772233
9.72	-2.934231859
9.73	-2.919698061
9.74	-2.905172293
9.75	-2.890656007
9.76	-2.876150657
9.77	-2.86165769
9.78	-2.847178559
9.79	-2.832714709
9.8	-2.818267587
9.81	-2.803838639
9.82	-2.789429306
9.83	-2.775041031
9.84	-2.760675251
9.85	-2.746333403
9.86	-2.732016922
9.87	-2.717727239
9.88	-2.703465783
9.89	-2.68923398
9.9	-2.675033253
9.91	-2.660865023
9.92	-2.646730706
9.93	-2.632631716
9.94	-2.618569462
9.95	-2.604545351
9.96	-2.590560785
9.97	-2.576617163
9.98	-2.562715879
9.99	-2.548858323
10	-2.53504588
10.01	-2.521279933
10.02	-2.507561857
10.03	-2.493893024
10.04	-2.480274802
10.05	-2.466708552
10.06	-2.45319563
10.07	-2.439737389
10.08	-2.426335173
10.09	-2.412990324
10.1	-2.399704175
10.11	-2.386478054
10.12	-2.373313286
10.13	-2.360211186
10.14	-2.347173064
10.15	-2.334200224
10.16	-2.321293964
10.17	-2.308455574
10.18	-2.295686337
10.19	-2.282987532
10.2	-2.270360427
10.21	-2.257806285
10.22	-2.245326362
10.23	-2.232921906
10.24	-2.220594157
10.25	-2.208344348
10.26	-2.196173704
10.27	-2.184083441
10.28	-2.17207477
10.29	-2.160148891
10.3	-2.148306996
10.31	-2.13655027
10.32	-2.124879887
10.33	-2.113297017
10.34	-2.101802815
10.35	-2.090398433
10.36	-2.07908501
10.37	-2.067863678
10.38	-2.056735559
10.39	-2.045701765
10.4	-2.0347634
10.41	-2.023921559
10.42	-2.013177324
10.43	-2.00253177
10.44	-1.991985963
10.45	-1.981540956
10.46	-1.971197795
10.47	-1.960957512
10.48	-1.950821133
10.49	-1.940789671
10.5	-1.93086413
10.51	-1.921045501
10.52	-1.911334766
10.53	-1.901732897
10.54	-1.892240854
10.55	-1.882859586
10.56	-1.873590031
10.57	-1.864433116
10.58	-1.855389757
10.59	-1.846460858
10.6	-1.837647311
10.61	-1.828949999
10.62	-1.820369792
10.63	-1.811907546
10.64	-1.803564108
10.65	-1.795340313
10.66	-1.787236983
10.67	-1.779254928
10.68	-1.771394947
10.69	-1.763657825
10.7	-1.756044337
10.71	-1.748555243
10.72	-1.741191292
10.73	-1.733953221
10.74	-1.726841754
10.75	-1.719857602
10.76	-1.713001463
10.77	-1.706274022
10.78	-1.699675953
10.79	-1.693207916
10.8	-1.686870556
10.81	-1.680664508
10.82	-1.674590393
10.83	-1.668648818
10.84	-1.662840377
10.85	-1.65716565
10.86	-1.651625206
10.87	-1.646219598
10.88	-1.640949367
10.89	-1.63581504
10.9	-1.630817131
10.91	-1.625956138
10.92	-1.621232549
10.93	-1.616646835
10.94	-1.612199456
10.95	-1.607890855
10.96	-1.603721465
10.97	-1.5996917
10.98	-1.595801966
10.99	-1.59205265
11	-1.588444128
11.01	-1.58497676
11.02	-1.581650893
11.03	-1.57846686
11.04	-1.575424979
11.05	-1.572525555
11.06	-1.569768877
11.07	-1.56715522
11.08	-1.564684847
11.09	-1.562358005
11.1	-1.560174925
11.11	-1.558135826
11.12	-1.556240913
11.13	-1.554490375
11.14	-1.552884386
11.15	-1.551423107
11.16	-1.550106685
11.17	-1.548935252
11.18	-1.547908923
11.19	-1.547027803
11.2	-1.546291978
11.21	-1.545701523
11.22	-1.545256496
11.23	-1.544956943
11.24	-1.544802893
11.25	-1.544794361
11.26	-1.544931349
11.27	-1.545213842
11.28	-1.545641813
11.29	-1.546215218
11.3	-1.546934001
11.31	-1.547798089
11.32	-1.548807396
11.33	-1.549961821
11.34	-1.551261249
11.35	-1.552705549
11.36	-1.554294578
11.37	-1.556028175
11.38	-1.557906169
11.39	-1.559928371
11.4	-1.562094579
11.41	-1.564404577
11.42	-1.566858132
11.43	-1.569455001
11.44	-1.572194923
11.45	-1.575077624
11.46	-1.578102817
11.47	-1.581270198
11.48	-1.58457945
11.49	-1.588030244
11.5	-1.591622233
11.51	-1.595355059
11.52	-1.599228349
11.53	-1.603241714
11.54	-1.607394754
11.55	-1.611687053
11.56	-1.616118183
11.57	-1.620687699
11.58	-1.625395146
11.59	-1.630240052
11.6	-1.635221932
11.61	-1.64034029
11.62	-1.645594612
11.63	-1.650984374
11.64	-1.656509036
11.65	-1.662168046
11.66	-1.667960838
11.67	-1.673886833
11.68	-1.679945438
11.69	-1.686136048
11.7	-1.692458043
11.71	-1.698910791
11.72	-1.705493646
11.73	-1.712205952
11.74	-1.719047035
11.75	-1.726016213
11.76	-1.733112789
11.77	-1.740336051
11.78	-1.74768528
11.79	-1.755159738
11.8	-1.76275868
11.81	-1.770481345
11.82	-1.77832696
11.83	-1.786294742
11.84	-1.794383894
11.85	-1.802593606
11.86	-1.810923057
11.87	-1.819371416
11.88	-1.827937836
11.89	-1.836621461
11.9	-1.845421424
11.91	-1.854336843
11.92	-1.863366828
11.93	-1.872510474
11.94	-1.881766869
11.95	-1.891135087
11.96	-1.90061419
11.97	-1.91020323
11.98	-1.91990125
11.99	-1.929707278
12	-1.939620335
12.01	-1.949639429
12.02	-1.959763558
12.03	-1.969991709
12.04	-1.980322861
12.05	-1.99075598
12.06	-2.001290022
12.07	-2.011923934
12.08	-2.022656653
12.09	-2.033487106
12.1	-2.044414209
12.11	-2.05543687
12.12	-2.066553986
12.13	-2.077764447
12.14	-2.08906713
12.15	-2.100460905
12.16	-2.111944634
12.17	-2.123517167
12.18	-2.135177349
12.19	-2.146924011
12.2	-2.158755981
12.21	-2.170672074
12.22	-2.182671099
12.23	-2.194751857
12.24	-2.206913138
12.25	-2.219153728
12.26	-2.231472402
12.27	-2.243867927
12.28	-2.256339066
12.29	-2.26888457
12.3	-2.281503184
12.31	-2.294193648
12.32	-2.306954692
12.33	-2.31978504
12.34	-2.332683409
12.35	-2.345648509
12.36	-2.358679043
12.37	-2.371773709
12.38	-2.384931197
12.39	-2.398150192
12.4	-2.411429371
12.41	-2.424767406
12.42	-2.438162965
12.43	-2.451614706
12.44	-2.465121286
12.45	-2.478681353
12.46	-2.492293552
12.47	-2.50595652
12.48	-2.519668893
12.49	-2.533429298
12.5	-2.54723636
12.51	-2.561088699
12.52	-2.574984927
12.53	-2.588923657
12.54	-2.602903495
12.55	-2.616923041
12.56	-2.630980895
12.57	-2.645075651
12.58	-2.659205898
12.59	-2.673370225
12.6	-2.687567215
12.61	-2.701795447
12.62	-2.7160535
12.63	-2.730339947
12.64	-2.74465336
12.65	-2.758992308
12.66	-2.773355355
12.67	-2.787741068
12.68	-2.802148006
12.69	-2.816574729
12.7	-2.831019794
12.71	-2.845481757
12.72	-2.859959172
12.73	-2.874450591
12.74	-2.888954565
12.75	-2.903469643
12.76	-2.917994374
12.77	-2.932527306
12.78	-2.947066985
12.79	-2.961611957
12.8	-2.976160768
12.81	-2.990711963
12.82	-3.005264086
12.83	-3.019815683
12.84	-3.034365299
12.85	-3.048911478
12.86	-3.063452766
12.87	-3.077987709
12.88	-3.092514853
12.89	-3.107032746
12.9	-3.121539935
12.91	-3.136034971
12.92	-3.150516403
12.93	-3.164982784
12.94	-3.179432666
12.95	-3.193864606
12.96	-3.208277159
12.97	-3.222668885
12.98	-3.237038343
12.99	-3.251384099
13	-3.265704716
13.01	-3.279998763
13.02	-3.29426481
13.03	-3.308501431
13.04	-3.322707202
13.05	-3.336880702
13.06	-3.351020515
13.07	-3.365125226
13.08	-3.379193425
13.09	-3.393223705
13.1	-3.407214663
13.11	-3.421164899
13.12	-3.43507302
13.13	-3.448937633
13.14	-3.462757354
13.15	-3.476530798
13.16	-3.49025659
13.17	-3.503933357
13.18	-3.517559731
13.19	-3.53113435
13.2	-3.544655855
13.21	-3.558122896
13.22	-3.571534124
13.23	-3.5848882
13.24	-3.598183787
13.25	-3.611419556
13.26	-3.624594184
13.27	-3.637706353
13.28	-3.650754752
13.29	-3.663738076
13.3	-3.676655027
13.31	-3.689504312
13.32	-3.702284648
13.33	-3.714994756
13.34	-3.727633365
13.35	-3.740199212
13.36	-3.752691039
13.37	-3.765107598
13.38	-3.777447646
13.39	-3.78970995
13.4	-3.801893285
13.41	-3.81399643
13.42	-3.826018176
13.43	-3.837957322
13.44	-3.849812672
13.45	-3.861583042
13.46	-3.873267254
13.47	-3.88486414
13.48	-3.89637254
13.49	-3.907791304
13.5	-3.91911929
13.51	-3.930355364
13.52	-3.941498404
13.53	-3.952547294
13.54	-3.963500931
13.55	-3.974358219
13.56	-3.985118071
13.57	-3.995779412
13.58	-4.006341176
13.59	-4.016802307
13.6	-4.027161759
13.61	-4.037418495
13.62	-4.047571491
13.63	-4.05761973
13.64	-4.067562208
13.65	-4.07739793
13.66	-4.087125914
13.67	-4.096745186
13.68	-4.106254784
13.69	-4.115653758
13.7	-4.124941168
13.71	-4.134116084
13.72	-4.143177589
13.73	-4.152124778
13.74	-4.160956755
13.75	-4.169672638
13.76	-4.178271554
13.77	-4.186752644
13.78	-4.19511506
13.79	-4.203357965
13.8	-4.211480536
13.81	-4.219481959
13.82	-4.227361435
13.83	-4.235118177
13.84	-4.242751407
13.85	-4.250260363
13.86	-4.257644294
13.87	-4.264902462
13.88	-4.272034141
13.89	-4.279038617
13.9	-4.285915191
13.91	-4.292663174
13.92	-4.299281892
13.93	-4.305770682
13.94	-4.312128897
13.95	-4.3183559
13.96	-4.324451069
13.97	-4.330413793
13.98	-4.336243477
13.99	-4.341939538
14	-4.347501406
14.01	-4.352928525
14.02	-4.358220353
14.03	-4.363376359
14.04	-4.368396029
14.05	-4.373278861
14.06	-4.378024366
14.07	-4.382632069
14.08	-4.387101511
14.09	-4.391432243
14.1	-4.395623833
14.11	-4.399675863
14.12	-4.403587925
14.13	-4.40735963
14.14	-4.410990601
14.15	-4.414480473
14.16	-4.417828899
14.17	-4.421035543
14.18	-4.424100084
14.19	-4.427022217
14.2	-4.429801648
14.21	-4.432438101
14.22	-4.434931311
14.23	-4.437281029
14.24	-4.43948702
14.25	-4.441549064
14.26	-4.443466954
14.27	-4.445240499
14.28	-4.44686952
14.29	-4.448353856
14.3	-4.449693358
14.31	-4.450887891
14.32	-4.451937337
14.33	-4.452841591
14.34	-4.453600562
14.35	-4.454214173
14.36	-4.454682365
14.37	-4.455005089
14.38	-4.455182314
14.39	-4.455214023
14.4	-4.455100211
14.41	-4.45484089
14.42	-4.454436086
14.43	-4.45388584
14.44	-4.453190206
14.45	-4.452349255
14.46	-4.45136307
14.47	-4.45023175
14.48	-4.448955408
14.49	-4.447534171
14.5	-4.445968183
14.51	-4.444257599
14.52	-4.44240259
14.53	-4.440403342
14.54	-4.438260055
14.55	-4.435972943
14.56	-4.433542235
14.57	-4.430968174
14.58	-4.428251018
14.59	-4.425391038
14.6	-4.422388519
14.61	-4.419243763
14.62	-4.415957084
14.63	-4.41252881
14.64	-4.408959285
14.65	-4.405248864
14.66	-4.401397921
14.67	-4.397406838
14.68	-4.393276016
14.69	-4.389005867
14.7	-4.38459682
14.71	-4.380049313
14.72	-4.375363803
14.73	-4.370540757
14.74	-4.365580659
14.75	-4.360484004
14.76	-4.355251301
14.77	-4.349883074
14.78	-4.344379861
14.79	-4.33874221
14.8	-4.332970686
14.81	-4.327065866
14.82	-4.321028341
14.83	-4.314858714
14.84	-4.308557603
14.85	-4.302125636
14.86	-4.295563458
14.87	-4.288871725
14.88	-4.282051106
14.89	-4.275102283
14.9	-4.26802595
14.91	-4.260822816
14.92	-4.253493601
14.93	-4.246039038
14.94	-4.238459871
14.95	-4.23075686
14.96	-4.222930774
14.97	-4.214982396
14.98	-4.206912521
14.99	-4.198721955
15	-4.190411518
15.01	-4.181982041
15.02	-4.173434367
15.03	-4.164769351
15.04	-4.155987858
15.05	-4.147090768
15.06	-4.138078969
15.07	-4.128953364
15.08	-4.119714864
15.09	-4.110364394
15.1	-4.100902888
15.11	-4.091331293
15.12	-4.081650565
15.13	-4.071861674
15.14	-4.061965597
15.15	-4.051963324
15.16	-4.041855856
15.17	-4.031644203
15.18	-4.021329387
15.19	-4.010912439
15.2	-4.0003944
15.21	-3.989776322
15.22	-3.979059268
15.23	-3.968244309
15.24	-3.957332526
15.25	-3.94632501
15.26	-3.935222863
15.27	-3.924027195
15.28	-3.912739124
15.29	-3.90135978
15.3	-3.889890302
15.31	-3.878331834
15.32	-3.866685535
15.33	-3.854952567
15.34	-3.843134105
15.35	-3.83123133
15.36	-3.819245433
15.37	-3.807177612
15.38	-3.795029074
15.39	-3.782801033
15.4	-3.770494713
15.41	-3.758111345
15.42	-3.745652166
15.43	-3.733118422
15.44	-3.720511367
15.45	-3.707832261
15.46	-3.695082373
15.47	-3.682262977
15.48	-3.669375356
15.49	-3.656420797
15.5	-3.643400597
15.51	-3.630316057
15.52	-3.617168487
15.53	-3.6039592
15.54	-3.590689517
15.55	-3.577360766
15.56	-3.56397428
15.57	-3.550531396
15.58	-3.53703346
15.59	-3.523481821
15.6	-3.509877834
15.61	-3.49622286
15.62	-3.482518264
15.63	-3.468765417
15.64	-3.454965693
15.65	-3.441120473
15.66	-3.427231142
15.67	-3.413299088
15.68	-3.399325704
15.69	-3.385312388
15.7	-3.371260541
15.71	-3.357171568
15.72	-3.343046879
15.73	-3.328887885
15.74	-3.314696002
15.75	-3.300472651
15.76	-3.286219252
15.77	-3.271937231
15.78	-3.257628017
15.79	-3.243293041
15.8	-3.228933735
15.81	-3.214551536
15.82	-3.200147882
15.83	-3.185724214
15.84	-3.171281973
15.85	-3.156822604
15.86	-3.142347553
15.87	-3.127858268
15.88	-3.113356197
15.89	-3.09884279
15.9	-3.084319499
15.91	-3.069787776
15.92	-3.055249074
15.93	-3.040704848
15.94	-3.026156551
15.95	-3.011605639
15.96	-2.997053565
15.97	-2.982501787
15.98	-2.967951758
15.99	-2.953404935
16	-2.93886277
16.01	-2.924326719
16.02	-2.909798236
16.03	-2.895278773
16.04	-2.880769781
16.05	-2.866272713
16.06	-2.851789017
16.07	-2.837320142
16.08	-2.822867536
16.09	-2.808432642
16.1	-2.794016904
16.11	-2.779621765
16.12	-2.765248664
16.13	-2.750899037
16.14	-2.736574321
16.15	-2.722275946
16.16	-2.708005344
16.17	-2.693763941
16.18	-2.679553162
16.19	-2.665374427
16.2	-2.651229154
16.21	-2.637118758
16.22	-2.623044649
16.23	-2.609008236
16.24	-2.595010922
16.25	-2.581054107
16.26	-2.567139185
16.27	-2.55326755
16.28	-2.539440587
16.29	-2.52565968
16.3	-2.511926206
16.31	-2.498241539
16.32	-2.484607048
16.33	-2.471024096
16.34	-2.457494041
16.35	-2.444018236
16.36	-2.430598028
16.37	-2.417234761
16.38	-2.403929769
16.39	-2.390684384
16.4	-2.37749993
16.41	-2.364377726
16.42	-2.351319083
16.43	-2.338325308
16.44	-2.325397699
16.45	-2.312537551
16.46	-2.299746148
16.47	-2.28702477
16.48	-2.274374688
16.49	-2.261797169
16.5	-2.249293469
16.51	-2.23686484
16.52	-2.224512523
16.53	-2.212237754
16.54	-2.200041761
16.55	-2.187925763
16.56	-2.175890972
16.57	-2.163938591
16.58	-2.152069816
16.59	-2.140285833
16.6	-2.12858782
16.61	-2.116976948
16.62	-2.105454378
16.63	-2.094021261
16.64	-2.082678742
16.65	-2.071427953
16.66	-2.060270022
16.67	-2.049206062
16.68	-2.038237181
16.69	-2.027364476
16.7	-2.016589033
16.71	-2.005911931
16.72	-1.995334236
16.73	-1.984857008
16.74	-1.974481293
16.75	-1.964208128
16.76	-1.954038543
16.77	-1.943973552
16.78	-1.934014163
16.79	-1.924161372
16.8	-1.914416164
16.81	-1.904779513
16.82	-1.895252383
16.83	-1.885835728
16.84	-1.876530488
16.85	-1.867337593
16.86	-1.858257964
16.87	-1.849292509
16.88	-1.840442123
16.89	-1.831707692
16.9	-1.823090089
16.91	-1.814590176
16.92	-1.806208804
16.93	-1.797946809
16.94	-1.789805019
16.95	-1.781784247
16.96	-1.773885295
16.97	-1.766108955
16.98	-1.758456002
16.99	-1.750927202
17	-1.743523309
17.01	-1.736245063
17.02	-1.729093191
17.03	-1.722068408
17.04	-1.715171418
17.05	-1.708402909
17.06	-1.701763559
17.07	-1.695254032
17.08	-1.688874978
17.09	-1.682627035
17.1	-1.676510829
17.11	-1.670526971
17.12	-1.664676058
17.13	-1.658958677
17.14	-1.653375399
17.15	-1.647926783
17.16	-1.642613372
17.17	-1.637435699
17.18	-1.632394282
17.19	-1.627489624
17.2	-1.622722215
17.21	-1.618092534
17.22	-1.613601041
17.23	-1.609248188
17.24	-1.605034409
17.25	-1.600960125
17.26	-1.597025744
17.27	-1.593231659
17.28	-1.58957825
17.29	-1.586065882
17.3	-1.582694906
17.31	-1.579465659
17.32	-1.576378465
17.33	-1.573433631
17.34	-1.570631453
17.35	-1.567972211
17.36	-1.56545617
17.37	-1.563083583
17.38	-1.560854686
17.39	-1.558769702
17.4	-1.55682884
17.41	-1.555032294
17.42	-1.553380244
17.43	-1.551872854
17.44	-1.550510276
17.45	-1.549292646
17.46	-1.548220085
17.47	-1.547292701
17.48	-1.546510586
17.49	-1.545873819
17.5	-1.545382464
17.51	-1.545036569
17.52	-1.544836169
17.53	-1.544781285
17.54	-1.544871921
17.55	-1.545108069
17.56	-1.545489704
17.57	-1.54601679
17.58	-1.546689272
17.59	-1.547507085
17.6	-1.548470145
17.61	-1.549578358
17.62	-1.550831611
17.63	-1.55222978
17.64	-1.553772724
17.65	-1.555460291
17.66	-1.55729231
17.67	-1.559268598
17.68	-1.561388959
17.69	-1.563653179
17.7	-1.566061033
17.71	-1.56861228
17.72	-1.571306664
17.73	-1.574143916
17.74	-1.577123753
17.75	-1.580245876
17.76	-1.583509974
17.77	-1.586915719
17.78	-1.590462771
17.79	-1.594150776
17.8	-1.597979365
17.81	-1.601948155
17.82	-1.606056748
17.83	-1.610304735
17.84	-1.614691691
17.85	-1.619217175
17.86	-1.623880737
17.87	-1.62868191
17.88	-1.633620214
17.89	-1.638695154
17.9	-1.643906224
17.91	-1.649252902
17.92	-1.654734653
17.93	-1.66035093
17.94	-1.666101171
17.95	-1.6719848
17.96	-1.67800123
17.97	-1.684149859
17.98	-1.690430071
17.99	-1.69684124
18	-1.703382723
18.01	-1.710053867
18.02	-1.716854005
18.03	-1.723782456
18.04	-1.730838527
18.05	-1.738021514
18.06	-1.745330698
18.07	-1.752765347
18.08	-1.760324719
18.09	-1.768008057
18.1	-1.775814594
18.11	-1.783743548
18.12	-1.791794127
18.13	-1.799965525
18.14	-1.808256926
18.15	-1.8166675
18.16	-1.825196406
18.17	-1.833842792
18.18	-1.842605792
18.19	-1.851484531
18.2	-1.86047812
18.21	-1.869585661
18.22	-1.878806242
18.23	-1.888138942
18.24	-1.897582827
18.25	-1.907136952
18.26	-1.916800364
18.27	-1.926572094
18.28	-1.936451166
18.29	-1.946436592
18.3	-1.956527373
18.31	-1.966722501
18.32	-1.977020956
18.33	-1.987421707
18.34	-1.997923716
18.35	-2.008525932
18.36	-2.019227294
18.37	-2.030026732
18.38	-2.040923167
18.39	-2.051915509
18.4	-2.063002659
18.41	-2.074183508
18.42	-2.085456937
18.43	-2.09682182
18.44	-2.10827702
18.45	-2.119821392
18.46	-2.131453781
18.47	-2.143173023
18.48	-2.154977948
18.49	-2.166867374
18.5	-2.178840113
18.51	-2.190894967
18.52	-2.203030731
18.53	-2.215246191
18.54	-2.227540126
18.55	-2.239911306
18.56	-2.252358494
18.57	-2.264880446
18.58	-2.27747591
18.59	-2.290143625
18.6	-2.302882325
18.61	-2.315690736
18.62	-2.328567578
18.63	-2.341511562
18.64	-2.354521395
18.65	-2.367595775
18.66	-2.380733395
18.67	-2.393932941
18.68	-2.407193093
18.69	-2.420512525
18.7	-2.433889906
18.71	-2.447323897
18.72	-2.460813156
18.73	-2.474356332
18.74	-2.487952073
18.75	-2.501599018
18.76	-2.515295802
18.77	-2.529041057
18.78	-2.542833407
18.79	-2.556671474
18.8	-2.570553872
18.81	-2.584479216
18.82	-2.59844611
18.83	-2.61245316
18.84	-2.626498965
18.85	-2.640582119
18.86	-2.654701214
18.87	-2.668854839
18.88	-2.683041579
18.89	-2.697260014
18.9	-2.711508722
18.91	-2.72578628
18.92	-2.740091259
18.93	-2.754422228
18.94	-2.768777755
18.95	-2.783156404
18.96	-2.797556737
18.97	-2.811977315
18.98	-2.826416694
18.99	-2.840873432
19	-2.855346082
19.01	-2.869833197
19.02	-2.884333329
19.03	-2.898845028
19.04	-2.913366842
19.05	-2.927897319
19.06	-2.942435007
19.07	-2.95697845
19.08	-2.971526196
19.09	-2.98607679
19.1	-3.000628775
19.11	-3.015180698
19.12	-3.029731103
19.13	-3.044278535
19.14	-3.058821539
19.15	-3.07335866
19.16	-3.087888446
19.17	-3.102409443
19.18	-3.1169202
19.19	-3.131419264
19.2	-3.145905187
19.21	-3.160376519
19.22	-3.174831813
19.23	-3.189269625
19.24	-3.20368851
19.25	-3.218087026
19.26	-3.232463734
19.27	-3.246817195
19.28	-3.261145975
19.29	-3.27544864
19.3	-3.289723761
19.31	-3.30396991
19.32	-3.318185662
19.33	-3.332369596
19.34	-3.346520293
19.35	-3.360636338
19.36	-3.37471632
19.37	-3.388758831
19.38	-3.402762466
19.39	-3.416725825
19.4	-3.430647512
19.41	-3.444526134
19.42	-3.458360305
19.43	-3.472148639
19.44	-3.48588976
19.45	-3.499582291
19.46	-3.513224865
19.47	-3.526816117
19.48	-3.540354687
19.49	-3.553839223
19.5	-3.567268375
19.51	-3.580640801
19.52	-3.593955163
19.53	-3.60721013
19.54	-3.620404377
19.55	-3.633536583
19.56	-3.646605437
19.57	-3.65960963
19.58	-3.672547863
19.59	-3.685418842
19.6	-3.69822128
19.61	-3.710953896
19.62	-3.723615417
19.63	-3.736204578
19.64	-3.748720118
19.65	-3.761160787
19.66	-3.773525341
19.67	-3.785812543
19.68	-3.798021164
19.69	-3.810149983
19.7	-3.822197789
19.71	-3.834163375
19.72	-3.846045546
19.73	-3.857843112
19.74	-3.869554896
19.75	-3.881179724
19.76	-3.892716435
19.77	-3.904163875
19.78	-3.9155209
19.79	-3.926786373
19.8	-3.937959169
19.81	-3.949038169
19.82	-3.960022267
19.83	-3.970910362
19.84	-3.981701368
19.85	-3.992394204
19.86	-4.002987802
19.87	-4.013481102
19.88	-4.023873054
19.89	-4.034162621
19.9	-4.044348771
19.91	-4.054430488
19.92	-4.064406762
19.93	-4.074276597
19.94	-4.084039005
19.95	-4.09369301
19.96	-4.103237646
19.97	-4.11267196
19.98	-4.121995008
19.99	-4.131205857
20	-4.140303586
